101100000011
101100000100
101100000101
101100001010
101100001100
101100001111
101100010011
101100011010
101100011100
101100011101
101100100010
101100100100
101100100101
101100101100
101100110100
101100111100
101101000000
101101000001
101101000010
101101000101
101101000111
101101001000
101101001010
101101001101
101101010011
101101100010
101101100101
101101101100
101101110010
101101110101
101101110111
101110000000
101110000111
101110001000
101110001011
101110001100
101110001111
101110010001
101110010010
101110011001
101110011010
101110011100
101110100001
101110100110
101110100111
101110101010
101110101111
101110110001
101110110011
101110110110
101110111000
101110111010
101110111100
101110111101
101110111110
101111000000
101111000101
101111000110
101111000111
101111001001
101111001100
101111001101
101111010110
101111100001
101111100100
101111100110
101111101000
101111101010
101111101100
101111101101
101111110000
101111110010
101111110101
101111110111
101111111111
